numc>	vacpast-0	tt-n	hip0	gov-1	snp0	ksfdg-0	dt-n	ch_pneum-0	m_lvn-1	
62	121	122	118	121	118	119	120	118	115	
121	0	116	116	115	114	113	113	113	112	
122	116	0	115	114	114	112	114	113	112	
118	116	115	0	115	116	112	114	112	111	
121	115	114	115	0	113	113	112	112	110	
118	114	114	116	113	0	110	110	110	109	
119	113	112	112	113	110	0	110	110	110	
120	113	114	114	112	110	110	0	111	108	
118	113	113	112	112	110	110	111	0	108	
115	112	112	111	110	109	110	108	108	0	
